hun:0.021531101:1.977817
swe:0.0:-1.7975445
null:0.0:-0.5543829
dut:0.0077319588:-3.5181987
heb:0.0:-2.0999353
bos:0.0:-0.20159379
fin:0.0:-1.327159
ice:0.0:-0.11759637
rum:0.006688963:-3.0230448
pol:0.018276762:1.6973954
cze:0.015968064:-0.4165403
kor:0.0:-1.4615549
dan:0.012121212:-1.5438291
nor:0.02027027:0.5136766
tur:0.007633588:-1.2007321
rus:0.0014762327:-51.899845
ara:0.0:-0.016799482
por:0.012722646:-1.6021965
ger:0.005021142:-89.13847
lit:0.0:-0.20159379
ita:0.009986382:-15.009258
fre:0.0072373864:-46.242294
gre:0.0:-0.16799481
per:0.0:-0.016799482
ukr:0.0:-1.0751668
eng:0.019216072:287.73615
chi:0.01410373:-5.9252615
spa:0.009852217:-15.513243
jpn:0.0033763044:-43.73271
und:0.0:-1.0247684
afr:0.0:-0.20159379
tha:0.0:-0.016799482
hrv:0.0:-2.3351278
srp:0.03960396:2.3032522
slo:0.0:-1.5623518
bul:0.011857707:-1.2502689
slv:0.0:-0.033598963
